# using simulation.py not descwl.py
# disk and bulge
# psf round gaussian
# one band

sim_type: simple

positions:
    type: 'uniform'

    # limit with in arcminute box
    # objects with get shifts +/- width/2
    width: 60.0 # arcminute

# 1.3x1.3 arcminutes
# the boundary should contain the max box size of 64
dims: [300, 300]

nobj: 125

# simple pixel scale for wcs
pixel_scale: 0.263

noise_sigma: 85.0

measure_background: false

# source extractor config
sx:
    # in sky sigma
    #DETECT_THRESH
    detect_thresh: 0.8

    # Minimum contrast parameter for deblending
    #DEBLEND_MINCONT
    deblend_cont: 0.00001

    deblend_nthresh: 64

    minarea: 4

    filter_type: 'conv'

    # 7x7 convolution mask of a gaussian PSF with FWHM = 3.0 pixels.
    filter_kernel:  [
        [0.004963, 0.021388, 0.051328, 0.068707, 0.051328, 0.021388, 0.004963],
        [0.021388, 0.092163, 0.221178, 0.296069, 0.221178, 0.092163, 0.021388],
        [0.051328, 0.221178, 0.530797, 0.710525, 0.530797, 0.221178, 0.051328],
        [0.068707, 0.296069, 0.710525, 0.951108, 0.710525, 0.296069, 0.068707],
        [0.051328, 0.221178, 0.530797, 0.710525, 0.530797, 0.221178, 0.051328],
        [0.021388, 0.092163, 0.221178, 0.296069, 0.221178, 0.092163, 0.021388],
        [0.004963, 0.021388, 0.051328, 0.068707, 0.051328, 0.021388, 0.004963],
    ]

meds:
    min_box_size: 32
    max_box_size: 128

    #box_type: sigma_size
    #sigma_fac: 5.0

    box_type: iso_radius
    rad_min: 4
    rad_fac: 2
    box_padding: 2

# any galsim draw method
draw_method: 'fft'

psf:
    model: gauss
    fwhm: 0.9
    noise_sigma: 0.0001

nband: 1

pdfs:
    g:
        sigma: 0.2

    # hlr of the disk
    hlr_flux:
        type: cosmos

        #r50_range: [0.15, 1.0]
        #flux_range: [2.5, 100.0]
        r50_range: [0.15, 10.0]
        flux_range: [2.5, 1000.0]


        # 250 is what was used in nbrsim and gives 10/sq arcmin
        # or about des 5 year with noise of 100 for 1 band
        # or 175 for each of 3 bands
        # for mimicing year 3 we add more noise

        flux_mult: 250.0

    disk:
        color: [1.0]

    bulge:
        color: [1.0]

        # g_bulge=g_fac*g_disk
        g_fac:
            type: uniform
            range: [0.3, 0.6]

        fracdev:
            type: uniform
            range: [0.0, 1.0]

        # bulge_hlr=hlr_fac*disk_hlr
        hlr_fac: 
            type: uniform
            range: [0.4, 0.6]

        # shift in units of the disk hlr
        bulge_shift: 0.05

    #knots:
    #    color: [1.0]

    #    num:
    #        type: uniform
    #        range: [1, 50]


    #    # flux per knot as a fraction of the disk flux
    #    # so the max of 50 knots would have a total of 1/5 the disk flux
    #    flux_frac_per_knot: 0.004


shear: [0.02, 0.00]
shear_all: False
